    0:     1     1   351
    1:   236   351   467
    2:   419   467   693
    3:   424   693   711
    4:   506   711   891
    5:   675   891  1251
    6:   849  1687  1809
    7:  1056  1483  1687
    8:  1148  1329  1483
    9:  1194  1251  1329
   10:  1306  2306  2314
   11:  1366  2031  2054
   12:  1392  2054  2147
   13:  1529  2147  2306
   14:  1639  1809  1956
   15:  1791  1956  2031
   16:  1833  2314  2604
   17:  2058  2675  2704
   18:  2268  2604  2675
   19:  2334  2704  2882
SUM: 2882 2881 516.05 372.00 1000
