    0:     1     1    88
    1:    60    88   117
    2:   105   117   173
    3:   106   173   178
    4:   126   178   223
    5:   168   233   333
    6:   211   223   233
    7:   262   378   409
    8:   285   333   352
    9:   296   415   499
   10:   324   503   506
   11:   339   355   378
   12:   345   352   355
   13:   379   499   503
   14:   406   409   415
   15:   444   506   578
   16:   454   578   581
   17:   510   597   605
   18:   562   594   597
   19:   578   685   688
   20:   581   581   594
   21:   597   605   624
   22:   605   624   685
   23:   632   706   753
   24:   677   688   706
   25:   725   753   821
   26:   748   821   845
   27:   792   893   933
   28:   836   845   879
   29:   865   879   893
   30:   901   933   981
   31:   940  1058  1117
   32:   974  1017  1032
   33:   977   981  1017
   34:  1029  1032  1058
   35:  1030  1117  1129
   36:  1069  1129  1204
   37:  1132  1243  1268
   38:  1186  1204  1223
   39:  1223  1223  1243
   40:  1280  1280  1332
   41:  1337  1337  1349
   42:  1366  1366  1408
   43:  1422  1422  1474
   44:  1443  1474  1504
   45:  1481  1505  1518
   46:  1489  1504  1505
   47:  1498  1518  1538
   48:  1529  1538  1551
   49:  1563  1563  1598
SUM: 1598 1537 74.10 43.36 179
