    0:     1     1   176
    1:   108   552   584
    2:   176   176   231
    3:   177   231   240
    4:   202   240   330
    5:   263   351   552
    6:   327   330   351
    7:   411   782   794
    8:   440   686   692
    9:   453   584   591
   10:   489   599   603
   11:   505   692   733
   12:   513   603   686
   13:   559   591   599
   14:   595   748   782
   15:   647   733   744
   16:   659   744   748
   17:   755   794   798
   18:   842   842   857
   19:   861   861   935
SUM: 935 886 152.15 107.85 444
