    0:     1     1    88
    1:    60    88   117
    2:   105   117   173
    3:   106   173   178
    4:   126   178   223
    5:   168   223   313
    6:   211   313   413
    7:   262   413   443
    8:   285   443   494
    9:   296   494   533
   10:   324   533   540
   11:   339   540   606
   12:   345   606   629
   13:   379   629   669
   14:   406   669   757
   15:   444   757   776
   16:   454   776   779
   17:   510   779   803
   18:   562   803   811
   19:   578   811   848
   20:   581   848   882
   21:   597   882   912
   22:   605   912   973
   23:   632   973  1005
   24:   677  1005  1052
   25:   725  1052  1073
   26:   748  1073  1097
   27:   792  1097  1157
   28:   836  1157  1183
   29:   865  1183  1197
   30:   901  1197  1205
   31:   940  1205  1289
   32:   974  1289  1322
   33:   977  1322  1337
   34:  1029  1337  1348
   35:  1030  1348  1419
   36:  1069  1419  1494
   37:  1132  1494  1558
   38:  1186  1558  1603
   39:  1223  1603  1623
   40:  1280  1623  1650
   41:  1337  1650  1662
   42:  1366  1662  1704
   43:  1422  1704  1756
   44:  1443  1756  1786
   45:  1481  1786  1798
   46:  1489  1798  1811
   47:  1498  1811  1844
   48:  1529  1844  1857
   49:  1563  1857  1892
SUM: 1892 1891 295.88 258.06 380
