    0:     1     1   206
    1:    63   206   274
    2:    97   274   406
    3:   111   406   434
    4:   113   434   536
    5:   149   536   751
    6:   181   751  1005
    7:   187  1005  1133
    8:   211  1133  1195
    9:   273  1195  1259
   10:   290  1259  1555
   11:   298  1555  1707
   12:   301  1707  1761
   13:   323  1761  1854
   14:   336  1854  2059
   15:   365  2059  2103
   16:   370  2103  2107
   17:   423  2107  2166
   18:   461  2166  2183
   19:   477  2183  2270
   20:   478  2270  2348
   21:   487  2348  2420
   22:   491  2420  2563
   23:   507  2563  2638
   24:   541  2638  2748
   25:   579  2748  2797
   26:   592  2797  2853
   27:   625  2853  2993
   28:   657  2993  3053
   29:   675  3053  3087
   30:   699  3087  3104
   31:   721  3104  3305
   32:   748  3305  3387
   33:   749  3387  3423
   34:   794  3423  3448
   35:   852  3448  3541
   36:   862  3541  3636
   37:   905  3636  3670
   38:   921  3670  3744
   39:   946  3744  3829
   40:   960  3829  3830
   41:   970  3830  3950
   42:   996  3950  4061
   43:  1003  4061  4322
   44:  1016  4322  4466
   45:  1041  4466  4493
   46:  1045  4493  4523
   47:  1050  4523  4599
   48:  1069  4599  4628
   49:  1091  4628  4710
   50:  1118  4710  4827
   51:  1140  4827  4982
   52:  1158  4982  5111
   53:  1210  5111  5239
   54:  1212  5239  5398
   55:  1273  5398  5406
   56:  1288  5406  5479
   57:  1291  5479  5512
   58:  1299  5512  5518
   59:  1319  5518  5712
   60:  1357  5712  5901
   61:  1425  5901  5939
   62:  1435  5939  6063
   63:  1478  6063  6152
   64:  1486  6152  6224
   65:  1513  6224  6245
   66:  1523  6245  6289
   67:  1533  6289  6325
   68:  1554  6325  6455
   69:  1603  6455  6529
   70:  1611  6529  6612
   71:  1632  6612  6666
   72:  1646  6666  6707
   73:  1678  6707  6711
   74:  1724  6711  6835
   75:  1742  6835  6939
   76:  1758  6939  6992
   77:  1823  6992  7095
   78:  1828  7095  7107
   79:  1869  7107  7197
SUM: 7197 7196 3045.93 2955.97 5267
