    0:     1     1   686
    1:   208   787   911
    2:   323  2428  2443
    3:   325  2406  2408
    4:   364  2053  2055
    5:   465   686   787
    6:   541   988  1974
    7:   719  2209  2212
    8:   764  2547  2611
    9:   784   911   940
   10:   841   973   988
   11:   868  2443  2453
   12:   879  2611  2634
   13:   933   940   973
   14:  1008  2255  2260
   15:  1095  2404  2406
   16:  1113  2321  2393
   17:  1292  2055  2199
   18:  1443  2242  2255
   19:  1473  2521  2546
   20:  1478  2260  2284
   21:  1508  1974  2043
   22:  1522  2453  2520
   23:  1577  2634  2770
   24:  1692  2393  2404
   25:  1819  2212  2242
   26:  1863  2043  2053
   27:  1974  2520  2521
   28:  2083  2284  2321
   29:  2143  2199  2209
   30:  2225  2899  3646
   31:  2285  2770  2807
   32:  2389  2546  2547
   33:  2394  2408  2428
   34:  2546  3807  3837
   35:  2548  2807  2899
   36:  2640  3646  3804
   37:  2933  4134  4307
   38:  3100  3904  3956
   39:  3182  3956  4115
   40:  3373  3876  3904
   41:  3562  3804  3807
   42:  3621  4120  4134
   43:  3790  5002  5073
   44:  3791  3837  3876
   45:  3847  4115  4120
   46:  3919  4307  4980
   47:  3974  4980  5002
   48:  4083  5357  5362
   49:  4167  5386  5412
   50:  4357  5414  5487
   51:  4418  5412  5414
   52:  4478  5164  5254
   53:  4642  5773  6720
   54:  4658  5330  5357
   55:  4861  5254  5330
   56:  4911  5073  5088
   57:  4914  6720  6836
   58:  4928  5088  5109
   59:  4941  5362  5386
   60:  5066  5487  5612
   61:  5080  5651  5773
   62:  5108  5109  5164
   63:  5206  5612  5651
   64:  5497  6893  7009
   65:  5610  7291  7378
   66:  5749  7060  7065
   67:  5841  7009  7060
   68:  5969  7229  7285
   69:  6006  7567  7587
   70:  6016  7009  7009
   71:  6057  7285  7291
   72:  6127  7065  7140
   73:  6228  7378  7448
   74:  6333  7533  7567
   75:  6364  7185  7229
   76:  6451  7140  7185
   77:  6505  7587  7656
   78:  6645  6836  6893
   79:  6768  7448  7533
SUM: 7656 7655 910.40 814.71 2105
