    0:     1     1    88
    1:    60    88   117
    2:   105   117   173
    3:   106   173   178
    4:   126   178   223
    5:   168   223   313
    6:   211   423   453
    7:   262   372   423
    8:   285   333   372
    9:   296   313   333
   10:   324   577   580
   11:   339   508   514
   12:   345   514   537
   13:   379   537   577
   14:   406   453   489
   15:   444   489   508
   16:   454   634   655
   17:   510   671   679
   18:   562   655   671
   19:   578   580   634
   20:   581   698   728
   21:   597   679   698
   22:   605   744   759
   23:   632   759   791
   24:   677   728   744
   25:   725   791   859
   26:   748   859   883
   27:   792   917   943
   28:   836   903   917
   29:   865   883   903
   30:   901   979  1063
   31:   940   943   979
   32:   974  1099  1114
   33:   977  1088  1099
   34:  1029  1063  1088
   35:  1030  1114  1159
   36:  1069  1170  1234
   37:  1132  1159  1170
   38:  1186  1234  1253
   39:  1223  1253  1273
   40:  1280  1280  1307
   41:  1337  1337  1349
   42:  1366  1366  1408
   43:  1422  1422  1474
   44:  1443  1474  1504
   45:  1481  1504  1516
   46:  1489  1536  1569
   47:  1498  1516  1536
   48:  1529  1569  1589
   49:  1563  1589  1624
SUM: 1624 1555 103.24 72.14 253
