    0:     1     1    88
    1:    60    88   117
    2:   105   178   183
    3:   106   117   178
    4:   126   323   333
    5:   168   183   223
    6:   211   223   323
    7:   262   333   353
    8:   285   384   404
    9:   296   407   443
   10:   324   447   450
   11:   339   353   384
   12:   345   404   407
   13:   379   443   447
   14:   406   450   541
   15:   444   557   560
   16:   454   541   557
   17:   510   560   587
   18:   562   587   595
   19:   578   598   632
   20:   581   595   598
   21:   597   661   754
   22:   605   800   815
   23:   632   632   661
   24:   677   779   800
   25:   725   755   779
   26:   748   754   755
   27:   792   815   815
   28:   836   836   862
   29:   865   865   879
   30:   901   901   909
   31:   940   940  1024
   32:   974  1072  1087
   33:   977  1024  1072
   34:  1029  1207  1211
   35:  1030  1087  1132
   36:  1069  1132  1207
   37:  1132  1246  1271
   38:  1186  1211  1226
   39:  1223  1226  1246
   40:  1280  1280  1332
   41:  1337  1337  1349
   42:  1366  1366  1408
   43:  1422  1422  1474
   44:  1443  1474  1504
   45:  1481  1504  1516
   46:  1489  1536  1569
   47:  1498  1516  1536
   48:  1529  1569  1589
   49:  1563  1589  1624
SUM: 1624 1501 78.42 48.40 197
