    0:     1     1    88
    1:    60    88   117
    2:   105   117   173
    3:   106   173   178
    4:   126   178   223
    5:   168   233   333
    6:   211   223   233
    7:   262   451   457
    8:   285   403   406
    9:   296   333   353
   10:   324   353   360
   11:   339   406   426
   12:   345   360   403
   13:   379   482   551
   14:   406   426   451
   15:   444   479   482
   16:   454   457   479
   17:   510   551   647
   18:   562   666   693
   19:   578   727   730
   20:   581   693   696
   21:   597   647   666
   22:   605   712   727
   23:   632   730   759
   24:   677   696   712
   25:   725   759   827
   26:   748   827   851
   27:   792   885   911
   28:   836   851   885
   29:   865   911   951
   30:   901   951   959
   31:   940   959  1043
   32:   974  1055  1100
   33:   977  1100  1115
   34:  1029  1115  1126
   35:  1030  1043  1055
   36:  1069  1126  1130
   37:  1132  1132  1196
   38:  1186  1196  1241
   39:  1223  1241  1261
   40:  1280  1280  1307
   41:  1337  1337  1349
   42:  1366  1366  1408
   43:  1422  1422  1474
   44:  1443  1474  1504
   45:  1481  1504  1516
   46:  1489  1549  1569
   47:  1498  1516  1536
   48:  1529  1536  1549
   49:  1563  1569  1624
SUM: 1624 1541 78.84 48.02 189
