    0:     1     1   206
    1:    63   255   274
    2:    97   274   406
    3:   111   427   440
    4:   113   206   216
    5:   149   996  1017
    6:   181   216   255
    7:   187   423   427
    8:   211   486   489
    9:   273  1017  1017
   10:   290   716   721
   11:   298   406   409
   12:   301   596   623
   13:   323   664   716
   14:   336   440   467
   15:   365   409   423
   16:   370   427   427
   17:   423   469   486
   18:   461   467   469
   19:   477   589   596
   20:   478   489   518
   21:   487   993   996
   22:   491   518   589
   23:   507   623   664
   24:   541   881   888
   25:   579   913   937
   26:   592   964   993
   27:   625   845   853
   28:   657   906   913
   29:   675   937   947
   30:   699   947   964
   31:   721   721   763
   32:   748   763   845
   33:   749   853   881
   34:   794   888   906
   35:   852  1216  1227
   36:   862  1299  1322
   37:   905  1245  1288
   38:   921  1199  1214
   39:   946  1298  1299
   40:   960  1289  1298
   41:   970  1169  1178
   42:   996  1288  1289
   43:  1003  1017  1022
   44:  1016  1022  1166
   45:  1041  1181  1199
   46:  1045  1166  1169
   47:  1050  1227  1245
   48:  1069  1214  1216
   49:  1091  1298  1298
   50:  1118  1178  1181
   51:  1140  1617  1618
   52:  1158  1466  1489
   53:  1210  1578  1617
   54:  1212  1384  1458
   55:  1273  1458  1466
   56:  1288  1535  1539
   57:  1291  1539  1572
   58:  1299  1573  1578
   59:  1319  1322  1384
   60:  1357  1572  1573
   61:  1425  1489  1535
   62:  1435  1869  1875
   63:  1478  1913  1964
   64:  1486  1883  1892
   65:  1513  1905  1913
   66:  1523  1863  1869
   67:  1533  1901  1905
   68:  1554  1651  1725
   69:  1603  1618  1651
   70:  1611  1725  1734
   71:  1632  1810  1838
   72:  1646  1875  1879
   73:  1678  1879  1883
   74:  1724  1734  1759
   75:  1742  1838  1863
   76:  1758  1759  1810
   77:  1823  1913  1913
   78:  1828  1892  1901
   79:  1869  1964  2117
SUM: 2117 2116 238.07 211.62 847
